# Results for AND gate
T\D       32        48        64        96        128       192       256       512       1024      
100       77.0      80.8      95.0      98.1      100.0     99.8      99.6      99.9      98.9      
125       75.0      84.1      95.8      97.3      100.0     99.9      98.1      98.8      99.1      
150       75.0      75.1      88.8      99.3      100.0     99.8      98.7      98.6      99.9      
175       75.0      82.9      86.0      97.4      99.9      99.8      98.6      99.6      100.0     
200       75.0      81.4      89.3      97.1      100.0     99.8      100.0     99.0      98.6      
225       75.0      80.1      86.7      97.1      99.8      99.6      99.1      98.7      99.7      
250       74.5      77.6      91.5      92.5      100.0     92.2      96.7      99.8      98.3      
275       59.7      67.3      79.6      89.7      92.8      89.6      93.6      93.6      88.9      
300       65.9      60.6      61.9      77.7      76.8      91.9      51.5      97.6      92.5      
