# Results for ASSIGN gate
T\D       32        48        64        96        128       192       256       512       1024      
100       50.0      50.0      52.9      73.4      99.9      99.9      99.9      99.7      99.6      
125       50.0      50.0      50.0      68.9      99.9      99.8      99.9      99.9      99.7      
150       50.0      50.0      50.4      73.1      100.0     99.9      99.9      99.9      99.6      
175       50.0      50.0      50.1      66.8      100.0     99.8      99.8      99.8      99.9      
200       50.0      50.0      50.1      54.5      100.0     99.8      99.9      99.9      98.0      
225       49.7      50.0      50.3      72.6      100.0     99.9      100.0     99.8      99.9      
250       50.0      44.1      58.2      66.0      100.0     99.8      99.9      99.7      99.9      
275       37.0      49.0      37.0      64.2      100.0     99.9      99.5      99.9      99.9      
300       35.3      21.7      23.9      56.4      82.6      99.9      98.7      99.4      99.9      
