# Results for MUX gate
T\D       32        48        64        96        128       192       256       512       1024      
100       99.4      98.8      98.9      99.5      99.2      99.0      98.9      99.9      99.9      
125       99.1      99.7      99.0      99.9      98.9      99.0      99.6      95.5      99.0      
150       98.5      99.1      96.7      98.0      98.9      99.8      99.7      98.8      99.1      
175       99.2      99.3      99.0      99.6      98.8      98.9      99.1      99.0      99.2      
200       99.1      99.2      99.5      98.3      99.8      99.2      99.0      99.9      99.5      
225       98.8      98.6      98.8      99.0      99.6      99.3      99.1      99.3      99.4      
250       99.1      98.8      98.9      99.4      98.8      99.0      99.0      99.3      99.4      
275       99.4      98.8      99.3      98.7      98.8      99.3      99.1      99.3      99.5      
300       98.7      99.7      97.5      98.4      99.0      99.1      99.3      98.9      98.8      
