# Results for NAND gate
T\D       32        48        64        96        128       192       256       512       1024      
100       75.9      77.1      77.0      97.2      76.5      78.3      83.1      81.8      78.5      
125       80.5      76.8      76.7      77.0      76.3      76.0      87.0      99.3      79.9      
150       77.0      89.4      77.5      82.3      86.0      72.1      74.3      80.1      71.2      
175       76.6      83.2      78.3      87.1      97.7      75.6      78.3      75.8      76.7      
200       79.4      80.3      81.3      81.9      91.1      74.8      80.0      86.0      98.2      
225       78.3      80.7      79.4      78.5      81.0      77.1      76.7      77.0      76.5      
250       79.5      76.5      77.1      79.5      97.3      76.7      70.2      75.2      76.6      
275       84.1      80.8      78.1      74.8      78.7      74.7      75.1      91.1      79.7      
300       78.2      79.2      78.8      78.4      76.6      77.8      76.1      75.8      76.7      
