# Results for NOT gate
T\D       32        48        64        96        128       192       256       512       1024      
100       0.0       49.7      36.7      44.0      100.0     97.9      97.0      98.3      99.8      
125       50.0      49.6      8.9       41.6      96.6      97.8      96.6      99.0      99.2      
150       50.0      50.0      50.0      39.5      99.3      98.5      97.3      98.2      98.9      
175       50.0      50.0      48.4      41.8      95.0      92.4      97.9      98.7      98.8      
200       50.0      50.0      48.2      33.8      97.4      96.6      98.0      97.8      97.5      
225       50.0      50.0      44.2      39.2      100.0     97.8      98.7      98.0      98.8      
250       50.0      50.0      14.6      39.5      99.6      99.0      96.6      97.9      99.2      
275       42.3      50.0      50.0      36.4      97.1      97.9      99.7      99.1      98.1      
300       47.6      42.2      18.2      37.0      100.0     98.2      100.0     98.9      98.4      
