# Results for OR gate
T\D       32        48        64        96        128       192       256       512       1024      
100       25.1      26.1      42.9      72.8      99.8      99.8      95.2      93.4      94.5      
125       25.0      36.1      41.7      66.4      100.0     99.9      96.1      99.0      93.4      
150       25.0      38.7      39.1      49.6      99.9      99.8      92.8      93.6      92.6      
175       25.0      29.5      39.7      49.1      100.0     99.3      94.5      95.1      93.7      
200       25.0      26.7      39.5      51.3      100.0     99.8      93.0      94.0      96.0      
225       25.0      25.9      38.6      71.2      99.6      99.7      94.3      93.7      92.5      
250       25.0      38.1      41.0      52.2      100.0     99.8      94.5      92.9      94.0      
275       25.0      25.1      41.2      49.6      100.0     99.6      94.3      93.2      95.5      
300       27.1      52.4      71.7      87.9      100.0     99.3      96.2      94.4      93.1      
