# Results for XOR gate
T\D       32        48        64        96        128       192       256       512       1024      
100       75.0      75.0      75.0      75.0      75.0      75.0      75.0      75.0      75.0      
125       75.0      75.0      75.0      75.0      74.9      75.0      73.8      75.0      75.0      
150       75.4      75.0      75.0      74.9      75.0      74.7      75.0      75.0      74.9      
175       75.0      75.0      75.0      75.0      75.0      74.9      75.0      74.9      74.9      
200       75.0      75.1      75.0      75.0      75.0      75.0      75.0      74.9      74.6      
225       75.0      75.0      75.0      74.9      75.0      74.7      75.0      75.0      74.9      
250       75.4      75.1      75.0      75.0      75.0      74.9      74.9      75.0      75.0      
275       75.0      76.0      74.9      75.1      75.0      74.9      75.0      74.9      75.0      
300       75.0      75.0      74.9      76.1      75.0      75.0      74.9      74.9      74.9      
